{
  "focal_len": 1000.0,
  "cx": 256.0,
  "cy": 256.0,
  "frames": [
    {
      "img_id": 0,
      "aud_id": 0,
      "transform_matrix": [
        [
          0.9996436834335327,
          0.024847369641065598,
          0.009747464209794998,
          -0.013865649700164795
        ],
        [
          -0.026033736765384674,
          0.9882254600524902,
          0.15077345073223114,
          0.11755554378032684
        ],
        [
          -0.005886369850486517,
          -0.15097348392009735,
          0.9885202646255493,
          0.8335601687431335
        ],
        [
          0.0,
          0.0,
          0.0,
          1.0
        ]
      ]
    },
    {
      "img_id": 1,
      "aud_id": 1,
      "transform_matrix": [
        [
          0.9997011423110962,
          0.021357903257012367,
          0.011892634443938732,
          -0.011360670439898968
        ],
        [
          -0.022799164056777954,
          0.990119457244873,
          0.1383608728647232,
          0.10663102567195892
        ],
        [
          -0.00882002990692854,
          -0.13859066367149353,
          0.9903104305267334,
          0.833551824092865
        ],
        [
          0.0,
          0.0,
          0.0,
          1.0
        ]
      ]
    },
    {
      "img_id": 2,
      "aud_id": 2,
      "transform_matrix": [
        [
          0.9996932148933411,
          0.020718812942504883,
          0.013570459559559822,
          -0.009665812365710735
        ],
        [
          -0.022328488528728485,
          0.9910224080085754,
          0.13181816041469574,
          0.10085486620664597
        ],
        [
          -0.010717513039708138,
          -0.13208073377609253,
          0.991180956363678,
          0.8332485556602478
        ],
        [
          0.0,
          0.0,
          0.0,
          1.0
        ]
      ]
    },
    {
      "img_id": 3,
      "aud_id": 3,
      "transform_matrix": [
        [
          0.9996505379676819,
          0.022394241765141487,
          0.014044271782040596,
          -0.00906550046056509
        ],
        [
          -0.024028971791267395,
          0.9912565350532532,
          0.1297423541545868,
          0.09927330166101456
        ],
        [
          -0.011015995405614376,
          -0.13003447651863098,
          0.9914482831954956,
          0.8325185775756836
        ],
        [
          0.0,
          0.0,
          0.0,
          1.0
        ]
      ]
    },
    {
      "img_id": 4,
      "aud_id": 4,
      "transform_matrix": [
        [
          0.9996014833450317,
          0.024947114288806915,
          0.013210144825279713,
          -0.00965018942952156
        ],
        [
          -0.026534177362918854,
          0.9900617599487305,
          0.13810737431049347,
          0.10629776865243912
        ],
        [
          -0.00963347963988781,
          -0.13840286433696747,
          0.9903291463851929,
          0.8319628834724426
        ],
        [
          0.0,
          0.0,
          0.0,
          1.0
        ]
      ]
    },
    {
      "img_id": 5,
      "aud_id": 5,
      "transform_matrix": [
        [
          0.9995665550231934,
          0.0264631025493145,
          0.012898791581392288,
          -0.009650835767388344
        ],
        [
          -0.028041716665029526,
          0.9892548322677612,
          0.14348720014095306,
          0.11078356206417084
        ],
        [
          -0.008963075466454029,
          -0.1437867134809494,
          0.9895681142807007,
          0.8309949040412903
        ],
        [
          0.0,
          0.0,
          0.0,
          1.0
        ]
      ]
    },
    {
      "img_id": 6,
      "aud_id": 6,
      "transform_matrix": [
        [
          0.9993824362754822,
          0.03212827816605568,
          0.014229768887162209,
          -0.00846427958458662
        ],
        [
          -0.03381803631782532,
          0.9894021153450012,
          0.14120875298976898,
          0.10927646607160568
        ],
        [
          -0.00954216904938221,
          -0.1416027694940567,
          0.9898775815963745,
          0.8311888575553894
        ],
        [
          0.0,
          0.0,
          0.0,
          1.0
        ]
      ]
    },
    {
      "img_id": 7,
      "aud_id": 7,
      "transform_matrix": [
        [
          0.9992929100990295,
          0.034562960267066956,
          0.014800889417529106,
          -0.007753737270832062
        ],
        [
          -0.03628893941640854,
          0.9896059036254883,
          0.1391516625881195,
          0.10800819844007492
        ],
        [
          -0.009837555699050426,
          -0.13959038257598877,
          0.9901604652404785,
          0.8313654065132141
        ],
        [
          0.0,
          0.0,
          0.0,
          1.0
        ]
      ]
    },
    {
      "img_id": 8,
      "aud_id": 8,
      "transform_matrix": [
        [
          0.9993616938591003,
          0.03270304948091507,
          0.014376885257661343,
          -0.007788941264152527
        ],
        [
          -0.03436980023980141,
          0.9899318218231201,
          0.13730889558792114,
          0.10689913481473923
        ],
        [
          -0.009741716086864471,
          -0.13771536946296692,
          0.9904239773750305,
          0.8308693766593933
        ],
        [
          0.0,
          0.0,
          0.0,
          1.0
        ]
      ]
    },
    {
      "img_id": 9,
      "aud_id": 9,
      "transform_matrix": [
        [
          0.9992973804473877,
          0.03450440242886543,
          0.014633264392614365,
          -0.007648776285350323
        ],
        [
          -0.03623136505484581,
          0.9892608523368835,
          0.14159893989562988,
          0.11069439351558685
        ],
        [
          -0.009590327739715576,
          -0.14202962815761566,
          0.9898159503936768,
          0.8298135995864868
        ],
        [
          0.0,
          0.0,
          0.0,
          1.0
        ]
      ]
    },
    {
      "img_id": 10,
      "aud_id": 10,
      "transform_matrix": [
        [
          0.9992308020591736,
          0.037143297493457794,
          0.012573141604661942,
          -0.009586581028997898
        ],
        [
          -0.03857623413205147,
          0.9886659979820251,
          0.14509089291095734,
          0.11349654942750931
        ],
        [
          -0.007041483651846647,
          -0.14546433091163635,
          0.9893383979797363,
          0.8290185928344727
        ],
        [
          0.0,
          0.0,
          0.0,
          1.0
        ]
      ]
    },
    {
      "img_id": 11,
      "aud_id": 11,
      "transform_matrix": [
        [
          0.9993482232093811,
          0.03497869148850441,
          0.008920306339859962,
          -0.012578141875565052
        ],
        [
          -0.03589754179120064,
          0.9889918565750122,
          0.14354921877384186,
          0.11195739358663559
        ],
        [
          -0.003800947219133377,
          -0.14377588033676147,
          0.9896029829978943,
          0.828600287437439
        ],
        [
          0.0,
          0.0,
          0.0,
          1.0
        ]
      ]
    },
    {
      "img_id": 12,
      "aud_id": 12,
      "transform_matrix": [
        [
          0.9994924664497375,
          0.031064925715327263,
          0.007063259370625019,
          -0.014113535173237324
        ],
        [
          -0.0317499153316021,
          0.989547610282898,
          0.14066801965236664,
          0.10908211022615433
        ],
        [
          -0.0026195894461125135,
          -0.14082087576389313,
          0.9900316596031189,
          0.8284875750541687
        ],
        [
          0.0,
          0.0,
          0.0,
          1.0
        ]
      ]
    },
    {
      "img_id": 13,
      "aud_id": 13,
      "transform_matrix": [
        [
          0.9995452761650085,
          0.029701337218284607,
          0.005208807531744242,
          -0.015820929780602455
        ],
        [
          -0.030140025541186333,
          0.9894170165061951,
          0.14193493127822876,
          0.10956553369760513
        ],
        [
          -0.0009380260016769171,
          -0.1420273780822754,
          0.989862322807312,
          0.8284614682197571
        ],
        [
          0.0,
          0.0,
          0.0,
          1.0
        ]
      ]
    },
    {
      "img_id": 14,
      "aud_id": 14,
      "transform_matrix": [
        [
          0.9996403455734253,
          0.02664964273571968,
          0.0030053392983973026,
          -0.01755169779062271
        ],
        [
          -0.026806624606251717,
          0.9895574450492859,
          0.14162439107894897,
          0.10886325687170029
        ],
        [
          0.0008002836839295924,
          -0.14165401458740234,
          0.9899159073829651,
          0.8286740183830261
        ],
        [
          0.0,
          0.0,
          0.0,
          1.0
        ]
      ]
    },
    {
      "img_id": 15,
      "aud_id": 15,
      "transform_matrix": [
        [
          0.9995708465576172,
          0.029266437515616417,
          0.0012718499638140202,
          -0.01910717785358429
        ],
        [
          -0.029162364080548286,
          0.9900264739990234,
          0.13782985508441925,
          0.10565599799156189
        ],
        [
          0.0027746243868023157,
          -0.13780781626701355,
          0.990455150604248,
          0.8294220566749573
        ],
        [
          0.0,
          0.0,
          0.0,
          1.0
        ]
      ]
    },
    {
      "img_id": 16,
      "aud_id": 16,
      "transform_matrix": [
        [
          0.9994720816612244,
          0.03241312876343727,
          0.0022240281105041504,
          -0.018407655879855156
        ],
        [
          -0.03241049870848656,
          0.9899418950080872,
          0.1377122551202774,
          0.10552024841308594
        ],
        [
          0.002262026071548462,
          -0.13771162927150726,
          0.990469753742218,
          0.8307774662971497
        ],
        [
          0.0,
          0.0,
          0.0,
          1.0
        ]
      ]
    },
    {
      "img_id": 17,
      "aud_id": 17,
      "transform_matrix": [
        [
          0.9995343685150146,
          0.030395131558179855,
          0.00267924927175045,
          -0.01763780228793621
        ],
        [
          -0.030480073764920235,
          0.9905225038528442,
          0.13392573595046997,
          0.10232920944690704
        ],
        [
          0.0014168337220326066,
          -0.133945032954216,
          0.9909877181053162,
          0.8319478631019592
        ],
        [
          0.0,
          0.0,
          0.0,
          1.0
        ]
      ]
    },
    {
      "img_id": 18,
      "aud_id": 18,
      "transform_matrix": [
        [
          0.999564528465271,
          0.029029902070760727,
          0.00529076624661684,
          -0.014938075095415115
        ],
        [
          -0.029474401846528053,
          0.9908087849617004,
          0.1320197433233261,
          0.10073240846395493
        ],
        [
          -0.0014096176018938422,
          -0.13211819529533386,
          0.9912329316139221,
          0.8327034115791321
        ],
        [
          0.0,
          0.0,
          0.0,
          1.0
        ]
      ]
    },
    {
      "img_id": 19,
      "aud_id": 19,
      "transform_matrix": [
        [
          0.9996532201766968,
          0.025258399546146393,
          0.007443103939294815,
          -0.01269947923719883
        ],
        [
          -0.02602730505168438,
          0.9906750917434692,
          0.1337362676858902,
          0.10206975042819977
        ],
        [
          -0.003995733801275492,
          -0.13388361036777496,
          0.9909889698028564,
          0.8331353664398193
        ],
        [
          0.0,
          0.0,
          0.0,
          1.0
        ]
      ]
    },
    {
      "img_id": 20,
      "aud_id": 20,
      "transform_matrix": [
        [
          0.999691903591156,
          0.022689446806907654,
          0.010062388144433498,
          -0.010209447704255581
        ],
        [
          -0.023781705647706985,
          0.9916675686836243,
          0.12660905718803406,
          0.09609250724315643
        ],
        [
          -0.00710585480555892,
          -0.12680934369564056,
          0.9919015765190125,
          0.8338028788566589
        ],
        [
          0.0,
          0.0,
          0.0,
          1.0
        ]
      ]
    },
    {
      "img_id": 21,
      "aud_id": 21,
      "transform_matrix": [
        [
          0.9996400475502014,
          0.023486139252781868,
          0.012967091053724289,
          -0.007905651815235615
        ],
        [
          -0.02490321174263954,
          0.9921085834503174,
          0.12288391590118408,
          0.09303504973649979
        ],
        [
          -0.00997869297862053,
          -0.12316261231899261,
          0.9923363327980042,
          0.8339390754699707
        ],
        [
          0.0,
          0.0,
          0.0,
          1.0
        ]
      ]
    },
    {
      "img_id": 22,
      "aud_id": 22,
      "transform_matrix": [
        [
          0.9996684193611145,
          0.02308070845901966,
          0.011415207758545876,
          -0.009269245900213718
        ],
        [
          -0.02434467151761055,
          0.9916046857833862,
          0.12699370086193085,
          0.09648542106151581
        ],
        [
          -0.008388269692659378,
          -0.1272294968366623,
          0.9918378591537476,
          0.833399772644043
        ],
        [
          0.0,
          0.0,
          0.0,
          1.0
        ]
      ]
    },
    {
      "img_id": 23,
      "aud_id": 23,
      "transform_matrix": [
        [
          0.9996963143348694,
          0.02289952151477337,
          0.009107793681323528,
          -0.011247551068663597
        ],
        [
          -0.023832131177186966,
          0.9924023151397705,
          0.12070503830909729,
          0.09148769080638885
        ],
        [
          -0.006274507846683264,
          -0.12088543176651001,
          0.9926466345787048,
          0.8331752419471741
        ],
        [
          0.0,
          0.0,
          0.0,
          1.0
        ]
      ]
    },
    {
      "img_id": 24,
      "aud_id": 24,
      "transform_matrix": [
        [
          0.9997460246086121,
          0.02177843637764454,
          0.00578889437019825,
          -0.013908370397984982
        ],
        [
          -0.022330859676003456,
          0.9919289946556091,
          0.12481275200843811,
          0.09515630453824997
        ],
        [
          -0.003023945726454258,
          -0.12491032481193542,
          0.9921634197235107,
          0.8325393199920654
        ],
        [
          0.0,
          0.0,
          0.0,
          1.0
        ]
      ]
    },
    {
      "img_id": 25,
      "aud_id": 25,
      "transform_matrix": [
        [
          0.9997707605361938,
          0.021269388496875763,
          0.002466951496899128,
          -0.016638269647955894
        ],
        [
          -0.02140921726822853,
          0.9911355972290039,
          0.1311178207397461,
          0.10071884095668793
        ],
        [
          0.0003437121631577611,
          -0.1311405599117279,
          0.9913637042045593,
          0.8315610289573669
        ],
        [
          0.0,
          0.0,
          0.0,
          1.0
        ]
      ]
    },
    {
      "img_id": 26,
      "aud_id": 26,
      "transform_matrix": [
        [
          0.999721109867096,
          0.023591922596096992,
          -0.0010295102838426828,
          -0.01975383423268795
        ],
        [
          -0.023199310526251793,
          0.989353597164154,
          0.14367078244686127,
          0.11186160892248154
        ],
        [
          0.004408019594848156,
          -0.14360682666301727,
          0.9896250367164612,
          0.8301078677177429
        ],
        [
          0.0,
          0.0,
          0.0,
          1.0
        ]
      ]
    },
    {
      "img_id": 27,
      "aud_id": 27,
      "transform_matrix": [
        [
          0.9996897578239441,
          0.024497559294104576,
          -0.004492348991334438,
          -0.02275734208524227
        ],
        [
          -0.0235636867582798,
          0.9887129664421082,
          0.14795748889446259,
          0.1161992996931076
        ],
        [
          0.008066240698099136,
          -0.14780573546886444,
          0.9889835119247437,
          0.8290605545043945
        ],
        [
          0.0,
          0.0,
          0.0,
          1.0
        ]
      ]
    },
    {
      "img_id": 28,
      "aud_id": 28,
      "transform_matrix": [
        [
          0.9997074007987976,
          0.023156793788075447,
          -0.006988818291574717,
          -0.025025486946105957
        ],
        [
          -0.02179226092994213,
          0.9876413345336914,
          0.15520836412906647,
          0.12282459437847137
        ],
        [
          0.010496574454009533,
          -0.1550106555223465,
          0.9878570437431335,
          0.8278748989105225
        ],
        [
          0.0,
          0.0,
          0.0,
          1.0
        ]
      ]
    },
    {
      "img_id": 29,
      "aud_id": 29,
      "transform_matrix": [
        [
          0.9997221827507019,
          0.022404100745916367,
          -0.0073167672380805016,
          -0.025287695229053497
        ],
        [
          -0.02092461660504341,
          0.9865827560424805,
          0.16191524267196655,
          0.12893661856651306
        ],
        [
          0.010846162214875221,
          -0.16171717643737793,
          0.9867775440216064,
          0.8266868591308594
        ],
        [
          0.0,
          0.0,
          0.0,
          1.0
        ]
      ]
    },
    {
      "img_id": 30,
      "aud_id": 30,
      "transform_matrix": [
        [
          0.9996638894081116,
          0.024767862632870674,
          -0.0076569789089262486,
          -0.025651488453149796
        ],
        [
          -0.02309957519173622,
          0.9850699305534363,
          0.1705978959798813,
          0.1366966962814331
        ],
        [
          0.011768004857003689,
          -0.1703636795282364,
          0.985310971736908,
          0.8254287242889404
        ],
        [
          0.0,
          0.0,
          0.0,
          1.0
        ]
      ]
    },
    {
      "img_id": 31,
      "aud_id": 31,
      "transform_matrix": [
        [
          0.999657154083252,
          0.02550150267779827,
          -0.005937605164945126,
          -0.02421925589442253
        ],
        [
          -0.024084139615297318,
          0.9845194816589355,
          0.17361274361610413,
          0.13974261283874512
        ],
        [
          0.010273073799908161,
          -0.17341022193431854,
          0.9847961068153381,
          0.8251559734344482
        ],
        [
          0.0,
          0.0,
          0.0,
          1.0
        ]
      ]
    },
    {
      "img_id": 32,
      "aud_id": 32,
      "transform_matrix": [
        [
          0.9996373057365417,
          0.026771944016218185,
          -0.0029014130122959614,
          -0.021587837487459183
        ],
        [
          -0.025847701355814934,
          0.9841443300247192,
          0.17547616362571716,
          0.1417718082666397
        ],
        [
          0.007553247734904289,
          -0.1753375381231308,
          0.9844793677330017,
          0.8251568078994751
        ],
        [
          0.0,
          0.0,
          0.0,
          1.0
        ]
      ]
    },
    {
      "img_id": 33,
      "aud_id": 33,
      "transform_matrix": [
        [
          0.9996852874755859,
          0.025013558566570282,
          -0.0018847454339265823,
          -0.020562658086419106
        ],
        [
          -0.024270951747894287,
          0.9835102558135986,
          0.1792161613702774,
          0.14526301622390747
        ],
        [
          0.006336501333862543,
          -0.17911404371261597,
          0.9838078618049622,
          0.8252748250961304
        ],
        [
          0.0,
          0.0,
          0.0,
          1.0
        ]
      ]
    },
    {
      "img_id": 34,
      "aud_id": 34,
      "transform_matrix": [
        [
          0.9995712637901306,
          0.029261549934744835,
          0.0010593589395284653,
          -0.01823192834854126
        ],
        [
          -0.028967034071683884,
          0.9829338192939758,
          0.18166480958461761,
          0.14748241007328033
        ],
        [
          0.00427451403811574,
          -0.1816176027059555,
          0.9833599925041199,
          0.8257309198379517
        ],
        [
          0.0,
          0.0,
          0.0,
          1.0
        ]
      ]
    },
    {
      "img_id": 35,
      "aud_id": 35,
      "transform_matrix": [
        [
          0.9997249841690063,
          0.023449772968888283,
          0.00015182839706540108,
          -0.018335746601223946
        ],
        [
          -0.023079335689544678,
          0.9827440977096558,
          0.18352505564689636,
          0.14915485680103302
        ],
        [
          0.004154412541538477,
          -0.18347810208797455,
          0.9830150008201599,
          0.826500654220581
        ],
        [
          0.0,
          0.0,
          0.0,
          1.0
        ]
      ]
    },
    {
      "img_id": 36,
      "aud_id": 36,
      "transform_matrix": [
        [
          0.9996578097343445,
          0.026147954165935516,
          0.000699533149600029,
          -0.017782175913453102
        ],
        [
          -0.025829846039414406,
          0.9825716018676758,
          0.1840810924768448,
          0.14970874786376953
        ],
        [
          0.004126002546399832,
          -0.18403618037700653,
          0.9829107522964478,
          0.8272181749343872
        ],
        [
          0.0,
          0.0,
          0.0,
          1.0
        ]
      ]
    },
    {
      "img_id": 37,
      "aud_id": 37,
      "transform_matrix": [
        [
          0.999721109867096,
          0.023614678531885147,
          -0.00026722298935055733,
          -0.01810014247894287
        ],
        [
          -0.023157324641942978,
          0.9824534058570862,
          0.18506529927253723,
          0.1504739373922348
        ],
        [
          0.0046327910386025906,
          -0.1850074976682663,
          0.9827262163162231,
          0.8274785280227661
        ],
        [
          0.0,
          0.0,
          0.0,
          1.0
        ]
      ]
    },
    {
      "img_id": 38,
      "aud_id": 38,
      "transform_matrix": [
        [
          0.9997208118438721,
          0.02359655126929283,
          -0.0012243962846696377,
          -0.018579572439193726
        ],
        [
          -0.02298649027943611,
          0.9832547903060913,
          0.180780827999115,
          0.14667865633964539
        ],
        [
          0.0054696970619261265,
          -0.18070220947265625,
          0.9835226535797119,
          0.8280347585678101
        ],
        [
          0.0,
          0.0,
          0.0,
          1.0
        ]
      ]
    },
    {
      "img_id": 39,
      "aud_id": 39,
      "transform_matrix": [
        [
          0.9995471239089966,
          0.030080534517765045,
          -0.0008451757021248341,
          -0.018533090129494667
        ],
        [
          -0.0294466745108366,
          0.9834997653961182,
          0.17849695682525635,
          0.14470532536506653
        ],
        [
          0.006200514268130064,
          -0.178391233086586,
          0.9839401245117188,
          0.8286417126655579
        ],
        [
          0.0,
          0.0,
          0.0,
          1.0
        ]
      ]
    },
    {
      "img_id": 40,
      "aud_id": 40,
      "transform_matrix": [
        [
          0.9995923042297363,
          0.028420576825737953,
          -0.0027318941429257393,
          -0.019607476890087128
        ],
        [
          -0.027520200237631798,
          0.9845481514930725,
          0.17293791472911835,
          0.1401321142911911
        ],
        [
          0.007604677230119705,
          -0.1727922409772873,
          0.9849289059638977,
          0.8294787406921387
        ],
        [
          0.0,
          0.0,
          0.0,
          1.0
        ]
      ]
    },
    {
      "img_id": 41,
      "aud_id": 41,
      "transform_matrix": [
        [
          0.9996175169944763,
          0.026995522901415825,
          -0.0060048783197999,
          -0.021698541939258575
        ],
        [
          -0.02567957527935505,
          0.9866548776626587,
          0.1607879251241684,
          0.12985274195671082
        ],
        [
          0.010265296325087547,
          -0.16057221591472626,
          0.9869706630706787,
          0.8307014107704163
        ],
        [
          0.0,
          0.0,
          0.0,
          1.0
        ]
      ]
    },
    {
      "img_id": 42,
      "aud_id": 42,
      "transform_matrix": [
        [
          0.9995769262313843,
          0.0286826454102993,
          -0.004831455182284117,
          -0.020498258993029594
        ],
        [
          -0.027497170493006706,
          0.9859833121299744,
          0.1645624041557312,
          0.1324339210987091
        ],
        [
          0.0094838198274374,
          -0.1643599271774292,
          0.9863548278808594,
          0.8309187293052673
        ],
        [
          0.0,
          0.0,
          0.0,
          1.0
        ]
      ]
    },
    {
      "img_id": 43,
      "aud_id": 43,
      "transform_matrix": [
        [
          0.9995986819267273,
          0.027680523693561554,
          -0.006017670035362244,
          -0.02101340889930725
        ],
        [
          -0.026371445506811142,
          0.986911416053772,
          0.1590922474861145,
          0.12746384739875793
        ],
        [
          0.010342665016651154,
          -0.15886972844600677,
          0.9872453808784485,
          0.8317607641220093
        ],
        [
          0.0,
          0.0,
          0.0,
          1.0
        ]
      ]
    },
    {
      "img_id": 44,
      "aud_id": 44,
      "transform_matrix": [
        [
          0.999602735042572,
          0.027370858937501907,
          -0.006719302851706743,
          -0.02106347121298313
        ],
        [
          -0.025942513719201088,
          0.9867526888847351,
          0.16014420986175537,
          0.1278233826160431
        ],
        [
          0.011013573035597801,
          -0.159906268119812,
          0.9870707392692566,
          0.8323811292648315
        ],
        [
          0.0,
          0.0,
          0.0,
          1.0
        ]
      ]
    },
    {
      "img_id": 45,
      "aud_id": 45,
      "transform_matrix": [
        [
          0.9995549321174622,
          0.029141943901777267,
          -0.006372441072016954,
          -0.020231004804372787
        ],
        [
          -0.027786673977971077,
          0.9872889518737793,
          0.15648773312568665,
          0.124410480260849
        ],
        [
          0.01085179764777422,
          -0.1562410145998001,
          0.9876593351364136,
          0.8334203958511353
        ],
        [
          0.0,
          0.0,
          0.0,
          1.0
        ]
      ]
    },
    {
      "img_id": 46,
      "aud_id": 46,
      "transform_matrix": [
        [
          0.9995691776275635,
          0.029018554836511612,
          -0.004408837296068668,
          -0.018188372254371643
        ],
        [
          -0.028025096282362938,
          0.9882134795188904,
          0.15049484372138977,
          0.11895871162414551
        ],
        [
          0.008724014274775982,
          -0.15030643343925476,
          0.9886009693145752,
          0.8346102833747864
        ],
        [
          0.0,
          0.0,
          0.0,
          1.0
        ]
      ]
    },
    {
      "img_id": 47,
      "aud_id": 47,
      "transform_matrix": [
        [
          0.9994936585426331,
          0.031608711928129196,
          -0.0036531719379127026,
          -0.0174357071518898
        ],
        [
          -0.03076172061264515,
          0.9892410635948181,
          0.1430237740278244,
          0.1121189147233963
        ],
        [
          0.008134664967656136,
          -0.1428389847278595,
          0.9897125363349915,
          0.8358678817749023
        ],
        [
          0.0,
          0.0,
          0.0,
          1.0
        ]
      ]
    },
    {
      "img_id": 48,
      "aud_id": 48,
      "transform_matrix": [
        [
          0.9994698166847229,
          0.03223476931452751,
          -0.0045732236467301846,
          -0.018084228038787842
        ],
        [
          -0.03133248910307884,
          0.9904950261116028,
          0.13393236696720123,
          0.10421156883239746
        ],
        [
          0.008847033604979515,
          -0.1337180733680725,
          0.9909799098968506,
          0.8363496661186218
        ],
        [
          0.0,
          0.0,
          0.0,
          1.0
        ]
      ]
    },
    {
      "img_id": 49,
      "aud_id": 49,
      "transform_matrix": [
        [
          0.9995498657226562,
          0.029249047860503197,
          -0.006679698824882507,
          -0.019561756402254105
        ],
        [
          -0.028105642646551132,
          0.9907661080360413,
          0.1326371133327484,
          0.10278087854385376
        ],
        [
          0.01049752812832594,
          -0.13238966464996338,
          0.9911421537399292,
          0.8362975120544434
        ],
        [
          0.0,
          0.0,
          0.0,
          1.0
        ]
      ]
    },
    {
      "img_id": 50,
      "aud_id": 50,
      "transform_matrix": [
        [
          0.999545156955719,
          0.029627706855535507,
          -0.005625636782497168,
          -0.018604524433612823
        ],
        [
          -0.02857440523803234,
          0.99010169506073,
          0.13741262257099152,
          0.1069166511297226
        ],
        [
          0.009641172364354134,
          -0.1371893733739853,
          0.990497887134552,
          0.835551917552948
        ],
        [
          0.0,
          0.0,
          0.0,
          1.0
        ]
      ]
    },
    {
      "img_id": 51,
      "aud_id": 51,
      "transform_matrix": [
        [
          0.9995702505111694,
          0.02868138626217842,
          -0.00605762330815196,
          -0.018953803926706314
        ],
        [
          -0.027494223788380623,
          0.9889558553695679,
          0.14563767611980438,
          0.11404864490032196
        ],
        [
          0.010167812928557396,
          -0.1454085409641266,
          0.9893194437026978,
          0.83441162109375
        ],
        [
          0.0,
          0.0,
          0.0,
          1.0
        ]
      ]
    },
    {
      "img_id": 52,
      "aud_id": 52,
      "transform_matrix": [
        [
          0.9996964931488037,
          0.023366473615169525,
          -0.007803510874509811,
          -0.020289935171604156
        ],
        [
          -0.02188120409846306,
          0.9877499341964722,
          0.15450336039066315,
          0.1217314749956131
        ],
        [
          0.011318116448819637,
          -0.1542857140302658,
          0.9879614114761353,
          0.8329974412918091
        ],
        [
          0.0,
          0.0,
          0.0,
          1.0
        ]
      ]
    },
    {
      "img_id": 53,
      "aud_id": 53,
      "transform_matrix": [
        [
          0.9997732043266296,
          0.019998356699943542,
          -0.007317132316529751,
          -0.019988149404525757
        ],
        [
          -0.01853889971971512,
          0.9864513278007507,
          0.16300277411937714,
          0.12941110134124756
        ],
        [
          0.010477784089744091,
          -0.1628301739692688,
          0.9865984320640564,
          0.8312520980834961
        ],
        [
          0.0,
          0.0,
          0.0,
          1.0
        ]
      ]
    },
    {
      "img_id": 54,
      "aud_id": 54,
      "transform_matrix": [
        [
          0.9998699426651001,
          0.014020976610481739,
          -0.00796959362924099,
          -0.020517025142908096
        ],
        [
          -0.012368743307888508,
          0.983775794506073,
          0.17897561192512512,
          0.14359137415885925
        ],
        [
          0.010349705815315247,
          -0.17885375022888184,
          0.9838211536407471,
          0.8291738629341125
        ],
        [
          0.0,
          0.0,
          0.0,
          1.0
        ]
      ]
    },
    {
      "img_id": 55,
      "aud_id": 55,
      "transform_matrix": [
        [
          0.9998615980148315,
          0.014004400931298733,
          -0.00898190587759018,
          -0.02182459831237793
        ],
        [
          -0.012100473046302795,
          0.9826450347900391,
          0.1851007342338562,
          0.14950786530971527
        ],
        [
          0.01141824945807457,
          -0.18496643006801605,
          0.9826784729957581,
          0.8279916644096375
        ],
        [
          0.0,
          0.0,
          0.0,
          1.0
        ]
      ]
    },
    {
      "img_id": 56,
      "aud_id": 56,
      "transform_matrix": [
        [
          0.999833881855011,
          0.01368432492017746,
          -0.012038936838507652,
          -0.024909572675824165
        ],
        [
          -0.011251992546021938,
          0.9830599427223206,
          0.18293876945972443,
          0.14836591482162476
        ],
        [
          0.014338389970362186,
          -0.1827729046344757,
          0.9830505847930908,
          0.827558696269989
        ],
        [
          0.0,
          0.0,
          0.0,
          1.0
        ]
      ]
    },
    {
      "img_id": 57,
      "aud_id": 57,
      "transform_matrix": [
        [
          0.9998183250427246,
          0.012305344454944134,
          -0.014558808878064156,
          -0.027372801676392555
        ],
        [
          -0.009456763043999672,
          0.983313262462616,
          0.18167445063591003,
          0.1477770358324051
        ],
        [
          0.016551434993743896,
          -0.1815037578344345,
          0.9832509756088257,
          0.8270866274833679
        ],
        [
          0.0,
          0.0,
          0.0,
          1.0
        ]
      ]
    },
    {
      "img_id": 58,
      "aud_id": 58,
      "transform_matrix": [
        [
          0.9997628331184387,
          0.010079883970320225,
          -0.0193062461912632,
          -0.031505484133958817
        ],
        [
          -0.0065050069242715836,
          0.9841907024383545,
          0.17699266970157623,
          0.14422249794006348
        ],
        [
          0.020785093307495117,
          -0.17682510614395142,
          0.9840227961540222,
          0.8270759582519531
        ],
        [
          0.0,
          0.0,
          0.0,
          1.0
        ]
      ]
    },
    {
      "img_id": 59,
      "aud_id": 59,
      "transform_matrix": [
        [
          0.9997193217277527,
          0.010502617806196213,
          -0.021233757957816124,
          -0.03335937485098839
        ],
        [
          -0.0064828586764633656,
          0.9834253787994385,
          0.18119733035564423,
          0.1480502039194107
        ],
        [
          0.02278486266732216,
          -0.18100883066654205,
          0.9832174777984619,
          0.8263686299324036
        ],
        [
          0.0,
          0.0,
          0.0,
          1.0
        ]
      ]
    },
    {
      "img_id": 60,
      "aud_id": 60,
      "transform_matrix": [
        [
          0.9997067451477051,
          0.009492243640124798,
          -0.022276822477579117,
          -0.03408215194940567
        ],
        [
          -0.005150048993527889,
          0.9822643399238586,
          0.18743041157722473,
          0.15365467965602875
        ],
        [
          0.023660864681005478,
          -0.1872607320547104,
          0.9820252060890198,
          0.8254438042640686
        ],
        [
          0.0,
          0.0,
          0.0,
          1.0
        ]
      ]
    },
    {
      "img_id": 61,
      "aud_id": 61,
      "transform_matrix": [
        [
          0.9997082352638245,
          0.010680418461561203,
          -0.02166520245373249,
          -0.03356337174773216
        ],
        [
          -0.0062605938874185085,
          0.9808526039123535,
          0.1946507841348648,
          0.15949875116348267
        ],
        [
          0.023329323157668114,
          -0.19445835053920746,
          0.9806333184242249,
          0.8239566683769226
        ],
        [
          0.0,
          0.0,
          0.0,
          1.0
        ]
      ]
    },
    {
      "img_id": 62,
      "aud_id": 62,
      "transform_matrix": [
        [
          0.9997474551200867,
          0.013344419188797474,
          -0.018079103901982307,
          -0.03062821552157402
        ],
        [
          -0.009638718329370022,
          0.981460452079773,
          0.19142183661460876,
          0.1568530946969986
        ],
        [
          0.020298343151807785,
          -0.19119925796985626,
          0.9813413023948669,
          0.8240889310836792
        ],
        [
          0.0,
          0.0,
          0.0,
          1.0
        ]
      ]
    },
    {
      "img_id": 63,
      "aud_id": 63,
      "transform_matrix": [
        [
          0.999667227268219,
          0.020340271294116974,
          -0.015862097963690758,
          -0.02936147153377533
        ],
        [
          -0.016991788521409035,
          0.981960117816925,
          0.18832312524318695,
          0.15451832115650177
        ],
        [
          0.01940649189054966,
          -0.1879909187555313,
          0.9819789528846741,
          0.824178159236908
        ],
        [
          0.0,
          0.0,
          0.0,
          1.0
        ]
      ]
    },
    {
      "img_id": 64,
      "aud_id": 64,
      "transform_matrix": [
        [
          0.9997325539588928,
          0.017816787585616112,
          -0.014745155349373817,
          -0.028349947184324265
        ],
        [
          -0.014800059609115124,
          0.9828004240989685,
          0.18407699465751648,
          0.15094514191150665
        ],
        [
          0.017771204933524132,
          -0.1838095337152481,
          0.9828012585639954,
          0.8249186277389526
        ],
        [
          0.0,
          0.0,
          0.0,
          1.0
        ]
      ]
    },
    {
      "img_id": 65,
      "aud_id": 65,
      "transform_matrix": [
        [
          0.9997466802597046,
          0.017343368381261826,
          -0.014346443116664886,
          -0.02816779911518097
        ],
        [
          -0.014334619976580143,
          0.9820190668106079,
          0.18823683261871338,
          0.1545378416776657
        ],
        [
          0.01735313981771469,
          -0.18798349797725677,
          0.9820188879966736,
          0.8249533772468567
        ],
        [
          0.0,
          0.0,
          0.0,
          1.0
        ]
      ]
    },
    {
      "img_id": 66,
      "aud_id": 66,
      "transform_matrix": [
        [
          0.9997645616531372,
          0.014780464582145214,
          -0.01588544249534607,
